32 0.000717027
34.28 0.00118099
36.56 0.0017293
38.84 0.00248851
41.12 0.00274157
43.4 0.00400692
45.68 0.00628453
47.96 0.0099962
50.24 0.0161964
52.52 0.0255599
54.8 0.038382
57.08 0.0539458
59.36 0.0699734
61.64 0.0877304
63.92 0.106078
66.2 0.124721
68.48 0.145303
70.76 0.163693
73.04 0.183348
75.32 0.204437
77.6 0.221308
79.88 0.238854
82.16 0.255135
84.44 0.270699
86.72 0.285293
89 0.29938
91.28 0.314016
93.56 0.327218
95.84 0.339365
98.12 0.351259
100.4 0.362858
102.68 0.374583
104.96 0.386899
107.24 0.398245
109.52 0.409085
111.8 0.419039
114.08 0.428571
116.36 0.43823
118.64 0.447509
120.92 0.458096
123.2 0.466026
125.48 0.474925
127.76 0.483023
130.04 0.491332
132.32 0.499262
134.6 0.507276
136.88 0.515669
139.16 0.523472
141.44 0.530685
143.72 0.537939
146 0.54608
148.28 0.553419
150.56 0.560167
152.84 0.568814
155.12 0.575942
157.4 0.583871
159.68 0.591716
161.96 0.598633
164.24 0.606268
166.52 0.614028
168.8 0.621747
171.08 0.629466
173.36 0.63769
175.64 0.646548
177.92 0.656164
180.2 0.665148
182.48 0.675988
184.76 0.68552
187.04 0.696487
189.32 0.705597
191.6 0.715214
193.88 0.72521
196.16 0.735122
198.44 0.744738
200.72 0.754481
203 0.763128
205.28 0.774052
207.56 0.783837
209.84 0.793285
212.12 0.802902
214.4 0.812434
216.68 0.82184
218.96 0.829221
221.24 0.836391
223.52 0.844447
225.8 0.852545
228.08 0.859758
230.36 0.867097
232.64 0.874858
234.92 0.881775
237.2 0.888945
239.48 0.895187
241.76 0.900882
244.04 0.907672
246.32 0.912691
248.6 0.917964
250.88 0.923362
253.16 0.928213
255.44 0.932768
257.72 0.937155
260 0.941204
262.28 0.945422
264.56 0.948669
266.84 0.952001
269.12 0.954406
271.4 0.957231
273.68 0.960353
275.96 0.962462
278.24 0.964739
280.52 0.96689
282.8 0.96862
285.08 0.971235
287.36 0.973301
289.64 0.975368
291.92 0.976338
294.2 0.977519
296.48 0.9787
298.76 0.980682
301.04 0.982074
303.32 0.983255
305.6 0.984521
307.88 0.985449
310.16 0.986376
312.44 0.987347
314.72 0.987768
317 0.988401
319.28 0.989413
321.56 0.989877
323.84 0.990552
326.12 0.991016
328.4 0.99148
330.68 0.991691
332.96 0.992071
335.24 0.992366
337.52 0.992661
339.8 0.992998
342.08 0.993125
344.36 0.993589
346.64 0.993842
348.92 0.994179
351.2 0.994812
353.48 0.99515
355.76 0.995403
358.04 0.995782
360.32 0.995909
362.6 0.996331
364.88 0.996541
367.16 0.99671
369.44 0.996879
371.72 0.997048
374 0.997132
376.28 0.997301
378.56 0.997469
380.84 0.997596
383.12 0.997638
385.4 0.99768
387.68 0.997849
389.96 0.997975
392.24 0.998018
394.52 0.99806
396.8 0.998102
399.08 0.998186
401.36 0.998313
403.64 0.998439
405.92 0.998566
408.2 0.99865
410.48 0.99865
412.76 0.998735
415.04 0.998819
417.32 0.998861
419.6 0.998988
421.88 0.99903
424.16 0.999072
426.44 0.999114
428.72 0.999114
431 0.999156
433.28 0.999283
435.56 0.999325
437.84 0.999367
440.12 0.99941
442.4 0.99941
444.68 0.99941
446.96 0.99941
449.24 0.99941
451.52 0.99941
453.8 0.999494
456.08 0.999578
458.36 0.99962
460.64 0.99962
462.92 0.999663
465.2 0.999663
467.48 0.999705
469.76 0.999831
472.04 0.999831
474.32 0.999831
476.6 0.999873
478.88 0.999873
481.16 0.999916
483.44 0.999916
485.72 1
